CMDLINE /home/david/stuff/stdio.h/tesis/SniffPyBot/venv/bin/python main.py
MEM 0.664062 1667753854.7749
MEM 25.125000 1667753854.8795
CHLD 0 9.738281 1667753854.8839
MEM 25.125000 1667753854.9844
CHLD 0 119.824219 1667753854.9907
MEM 25.125000 1667753855.0912
CHLD 0 140.113281 1667753855.0985
MEM 25.125000 1667753855.1990
CHLD 0 119.246094 1667753855.2108
MEM 25.125000 1667753855.3115
CHLD 0 139.136719 1667753855.3269
MEM 25.125000 1667753855.4275
CHLD 0 20.386719 1667753855.4360
MEM 25.125000 1667753855.5366
CHLD 0 128.085938 1667753855.5411
MEM 25.125000 1667753855.6416
CHLD 0 0.000000 1667753855.6480
MEM 25.125000 1667753855.7485
CHLD 0 7.125000 1667753855.7543
CHLD 1 119.679688 1667753855.7543
MEM 25.125000 1667753855.8550
CHLD 0 7.125000 1667753855.8665
CHLD 1 139.972656 1667753855.8665
MEM 25.125000 1667753855.9670
CHLD 0 7.125000 1667753855.9726
CHLD 1 115.800781 1667753855.9726
MEM 25.125000 1667753856.0731
CHLD 0 7.125000 1667753856.0813
CHLD 1 139.695312 1667753856.0814
MEM 25.125000 1667753856.1821
CHLD 0 7.125000 1667753856.1911
CHLD 1 150.656250 1667753856.1911
CHLD 2 5.117188 1667753856.1911
MEM 25.125000 1667753856.2916
CHLD 0 7.125000 1667753856.2982
CHLD 1 171.609375 1667753856.2982
CHLD 2 5.117188 1667753856.2982
MEM 25.125000 1667753856.3991
CHLD 0 7.125000 1667753856.4130
CHLD 1 171.609375 1667753856.4130
CHLD 2 5.117188 1667753856.4131
MEM 25.125000 1667753856.5140
CHLD 0 7.125000 1667753856.5316
CHLD 1 171.609375 1667753856.5317
CHLD 2 5.117188 1667753856.5317
MEM 25.125000 1667753856.6324
CHLD 0 7.125000 1667753856.6444
CHLD 1 171.609375 1667753856.6444
CHLD 2 5.117188 1667753856.6445
MEM 25.125000 1667753856.7450
CHLD 0 7.125000 1667753856.7510
CHLD 1 171.609375 1667753856.7510
CHLD 2 5.117188 1667753856.7510
MEM 25.125000 1667753856.8514
CHLD 0 7.125000 1667753856.8574
CHLD 1 171.609375 1667753856.8574
CHLD 2 5.117188 1667753856.8575
MEM 25.125000 1667753856.9580
CHLD 0 7.125000 1667753856.9638
CHLD 1 171.609375 1667753856.9638
CHLD 2 5.117188 1667753856.9638
MEM 25.125000 1667753857.0643
CHLD 0 7.125000 1667753857.0694
CHLD 1 171.609375 1667753857.0694
CHLD 2 5.117188 1667753857.0694
MEM 25.125000 1667753857.1699
CHLD 0 7.125000 1667753857.1771
CHLD 1 171.609375 1667753857.1772
CHLD 2 5.117188 1667753857.1772
MEM 25.125000 1667753857.2776
CHLD 0 7.125000 1667753857.2829
CHLD 1 171.609375 1667753857.2829
CHLD 2 5.117188 1667753857.2829
MEM 25.125000 1667753857.3834
CHLD 0 7.125000 1667753857.3896
CHLD 1 171.609375 1667753857.3896
CHLD 2 5.117188 1667753857.3896
MEM 25.125000 1667753857.4901
CHLD 0 7.125000 1667753857.4992
CHLD 1 171.609375 1667753857.4992
CHLD 2 5.117188 1667753857.4993
MEM 25.125000 1667753857.5999
CHLD 0 7.125000 1667753857.6108
CHLD 1 171.609375 1667753857.6108
CHLD 2 5.117188 1667753857.6109
MEM 25.125000 1667753857.7115
CHLD 0 7.125000 1667753857.7227
CHLD 1 171.609375 1667753857.7228
CHLD 2 5.117188 1667753857.7228
MEM 25.125000 1667753857.8234
CHLD 0 7.125000 1667753857.8328
CHLD 1 171.609375 1667753857.8328
CHLD 2 5.117188 1667753857.8329
MEM 25.125000 1667753857.9334
CHLD 0 7.125000 1667753857.9395
CHLD 1 171.609375 1667753857.9395
CHLD 2 5.117188 1667753857.9395
MEM 25.125000 1667753858.0400
CHLD 0 7.125000 1667753858.0439
CHLD 1 171.609375 1667753858.0439
CHLD 2 5.117188 1667753858.0439
MEM 25.125000 1667753858.1443
CHLD 0 7.125000 1667753858.1481
CHLD 1 171.609375 1667753858.1481
CHLD 2 5.117188 1667753858.1481
MEM 25.125000 1667753858.2485
CHLD 0 7.125000 1667753858.2525
CHLD 1 171.609375 1667753858.2525
CHLD 2 5.117188 1667753858.2525
MEM 25.125000 1667753858.3530
CHLD 0 7.125000 1667753858.3567
CHLD 1 171.609375 1667753858.3567
CHLD 2 5.117188 1667753858.3567
MEM 25.125000 1667753858.4575
CHLD 0 7.125000 1667753858.4675
CHLD 1 171.609375 1667753858.4675
CHLD 2 5.117188 1667753858.4676
MEM 25.125000 1667753858.5685
CHLD 0 7.125000 1667753858.5780
CHLD 1 171.609375 1667753858.5780
CHLD 2 5.117188 1667753858.5781
MEM 25.125000 1667753858.6790
CHLD 0 7.125000 1667753858.6894
CHLD 1 171.609375 1667753858.6894
CHLD 2 5.117188 1667753858.6894
MEM 25.125000 1667753858.7904
CHLD 0 7.125000 1667753858.8000
CHLD 1 171.609375 1667753858.8001
CHLD 2 5.117188 1667753858.8001
MEM 25.125000 1667753858.9008
CHLD 0 7.125000 1667753858.9117
CHLD 1 171.609375 1667753858.9118
CHLD 2 5.117188 1667753858.9118
MEM 25.125000 1667753859.0124
CHLD 0 7.125000 1667753859.0163
CHLD 1 171.609375 1667753859.0163
CHLD 2 5.117188 1667753859.0163
MEM 25.125000 1667753859.1171
CHLD 0 7.125000 1667753859.1335
CHLD 1 171.609375 1667753859.1336
CHLD 2 5.117188 1667753859.1336
MEM 25.125000 1667753859.2346
CHLD 0 7.125000 1667753859.2490
CHLD 1 171.609375 1667753859.2491
CHLD 2 5.117188 1667753859.2491
MEM 25.125000 1667753859.3498
CHLD 0 7.125000 1667753859.3662
CHLD 1 171.609375 1667753859.3662
CHLD 2 5.117188 1667753859.3663
MEM 25.125000 1667753859.4671
CHLD 0 7.125000 1667753859.4838
CHLD 1 171.609375 1667753859.4839
CHLD 2 5.117188 1667753859.4839
MEM 25.125000 1667753859.5844
CHLD 0 7.125000 1667753859.5943
CHLD 1 171.609375 1667753859.5943
CHLD 2 5.117188 1667753859.5943
MEM 25.125000 1667753859.6948
CHLD 0 7.125000 1667753859.7044
CHLD 1 171.609375 1667753859.7044
CHLD 2 5.117188 1667753859.7044
MEM 25.125000 1667753859.8051
CHLD 0 7.125000 1667753859.8192
CHLD 1 171.609375 1667753859.8193
CHLD 2 5.117188 1667753859.8193
MEM 25.125000 1667753859.9202
CHLD 0 7.125000 1667753859.9365
CHLD 1 171.609375 1667753859.9366
CHLD 2 5.117188 1667753859.9367
MEM 25.125000 1667753860.0373
CHLD 0 7.125000 1667753860.0427
CHLD 1 171.609375 1667753860.0428
CHLD 2 5.117188 1667753860.0428
MEM 25.125000 1667753860.1438
CHLD 0 7.125000 1667753860.1530
CHLD 1 171.609375 1667753860.1530
CHLD 2 5.117188 1667753860.1530
MEM 25.125000 1667753860.2539
CHLD 0 7.125000 1667753860.2629
CHLD 1 171.609375 1667753860.2629
CHLD 2 5.117188 1667753860.2629
MEM 25.125000 1667753860.3641
CHLD 0 7.125000 1667753860.3741
CHLD 1 171.609375 1667753860.3741
CHLD 2 5.117188 1667753860.3742
MEM 25.125000 1667753860.4749
CHLD 0 7.125000 1667753860.4830
CHLD 1 171.609375 1667753860.4830
CHLD 2 5.117188 1667753860.4831
MEM 25.125000 1667753860.5839
CHLD 0 7.125000 1667753860.5948
CHLD 1 171.609375 1667753860.5948
CHLD 2 5.117188 1667753860.5948
MEM 25.125000 1667753860.6957
CHLD 0 7.125000 1667753860.7113
CHLD 1 171.609375 1667753860.7114
CHLD 2 5.117188 1667753860.7114
MEM 25.125000 1667753860.8123
CHLD 0 7.125000 1667753860.8293
CHLD 1 171.609375 1667753860.8293
CHLD 2 5.117188 1667753860.8294
MEM 25.125000 1667753860.9300
CHLD 0 7.125000 1667753860.9417
CHLD 1 171.609375 1667753860.9418
CHLD 2 5.117188 1667753860.9418
MEM 25.125000 1667753861.0423
CHLD 0 7.125000 1667753861.0522
CHLD 1 171.609375 1667753861.0522
CHLD 2 5.117188 1667753861.0522
MEM 25.125000 1667753861.1531
CHLD 0 7.125000 1667753861.1675
CHLD 1 171.609375 1667753861.1675
CHLD 2 5.117188 1667753861.1676
MEM 25.125000 1667753861.2684
CHLD 0 7.125000 1667753861.2799
CHLD 1 171.609375 1667753861.2799
CHLD 2 5.117188 1667753861.2799
MEM 25.125000 1667753861.3805
CHLD 0 7.125000 1667753861.3915
CHLD 1 171.609375 1667753861.3917
CHLD 2 5.117188 1667753861.3918
MEM 25.125000 1667753861.4923
CHLD 0 7.125000 1667753861.5027
CHLD 1 171.609375 1667753861.5027
CHLD 2 5.117188 1667753861.5028
MEM 25.125000 1667753861.6035
CHLD 0 7.125000 1667753861.6121
CHLD 1 171.609375 1667753861.6122
CHLD 2 5.117188 1667753861.6122
MEM 25.125000 1667753861.7126
CHLD 0 7.125000 1667753861.7178
CHLD 1 171.609375 1667753861.7178
CHLD 2 5.117188 1667753861.7178
MEM 25.125000 1667753861.8183
CHLD 0 7.125000 1667753861.8220
CHLD 1 171.609375 1667753861.8220
CHLD 2 5.117188 1667753861.8221
MEM 25.125000 1667753861.9225
CHLD 0 7.125000 1667753861.9263
CHLD 1 171.609375 1667753861.9263
CHLD 2 5.117188 1667753861.9263
MEM 25.125000 1667753862.0268
CHLD 0 7.125000 1667753862.0311
CHLD 1 171.609375 1667753862.0311
CHLD 2 5.117188 1667753862.0311
MEM 25.125000 1667753862.1316
CHLD 0 7.125000 1667753862.1357
CHLD 1 171.609375 1667753862.1357
CHLD 2 5.117188 1667753862.1357
MEM 25.125000 1667753862.2361
CHLD 0 7.125000 1667753862.2398
CHLD 1 171.609375 1667753862.2398
CHLD 2 5.117188 1667753862.2398
MEM 25.125000 1667753862.3405
CHLD 0 7.125000 1667753862.3476
CHLD 1 171.609375 1667753862.3476
CHLD 2 5.117188 1667753862.3476
MEM 25.125000 1667753862.4484
CHLD 0 7.125000 1667753862.4533
CHLD 1 171.609375 1667753862.4533
CHLD 2 5.117188 1667753862.4533
MEM 25.125000 1667753862.5538
CHLD 0 7.125000 1667753862.5588
CHLD 1 171.609375 1667753862.5589
CHLD 2 5.117188 1667753862.5589
MEM 25.125000 1667753862.6594
CHLD 0 7.125000 1667753862.6638
CHLD 1 171.609375 1667753862.6638
CHLD 2 5.117188 1667753862.6639
MEM 25.125000 1667753862.7650
CHLD 0 7.125000 1667753862.7878
CHLD 1 171.609375 1667753862.7879
CHLD 2 5.117188 1667753862.7880
MEM 25.125000 1667753862.8891
CHLD 0 7.125000 1667753862.9018
CHLD 1 171.609375 1667753862.9019
CHLD 2 5.117188 1667753862.9019
MEM 25.125000 1667753863.0027
CHLD 0 7.125000 1667753863.0104
CHLD 1 171.609375 1667753863.0105
CHLD 2 5.117188 1667753863.0105
MEM 25.125000 1667753863.1112
CHLD 0 7.125000 1667753863.1182
CHLD 1 171.609375 1667753863.1183
CHLD 2 5.117188 1667753863.1183
MEM 25.125000 1667753863.2188
CHLD 0 7.125000 1667753863.2236
CHLD 1 171.609375 1667753863.2236
CHLD 2 5.117188 1667753863.2236
MEM 25.125000 1667753863.3241
CHLD 0 7.125000 1667753863.3297
CHLD 1 171.609375 1667753863.3297
CHLD 2 5.117188 1667753863.3298
MEM 25.125000 1667753863.4307
CHLD 0 7.125000 1667753863.4399
CHLD 1 171.609375 1667753863.4399
CHLD 2 5.117188 1667753863.4399
MEM 25.125000 1667753863.5408
CHLD 0 7.125000 1667753863.5507
CHLD 1 171.609375 1667753863.5507
CHLD 2 5.117188 1667753863.5508
MEM 25.125000 1667753863.6515
CHLD 0 7.125000 1667753863.6602
CHLD 1 171.609375 1667753863.6603
CHLD 2 5.117188 1667753863.6603
MEM 25.125000 1667753863.7611
CHLD 0 7.125000 1667753863.7706
CHLD 1 171.609375 1667753863.7706
CHLD 2 5.117188 1667753863.7706
MEM 25.125000 1667753863.8715
CHLD 0 7.125000 1667753863.8806
CHLD 1 171.609375 1667753863.8806
CHLD 2 5.117188 1667753863.8806
MEM 25.125000 1667753863.9815
CHLD 0 7.125000 1667753863.9901
CHLD 1 171.609375 1667753863.9901
CHLD 2 5.117188 1667753863.9902
MEM 25.125000 1667753864.0909
CHLD 0 7.125000 1667753864.1012
CHLD 1 171.609375 1667753864.1013
CHLD 2 5.117188 1667753864.1013
MEM 25.125000 1667753864.2018
CHLD 0 7.125000 1667753864.2068
CHLD 1 171.609375 1667753864.2069
CHLD 2 5.117188 1667753864.2069
MEM 25.125000 1667753864.3076
CHLD 0 7.125000 1667753864.3163
CHLD 1 171.609375 1667753864.3164
CHLD 2 5.117188 1667753864.3164
MEM 25.125000 1667753864.4172
CHLD 0 7.125000 1667753864.4255
CHLD 1 171.609375 1667753864.4255
CHLD 2 5.117188 1667753864.4255
MEM 25.125000 1667753864.5261
CHLD 0 7.125000 1667753864.5340
CHLD 1 171.609375 1667753864.5341
CHLD 2 5.117188 1667753864.5341
MEM 25.125000 1667753864.6349
CHLD 0 7.125000 1667753864.6452
CHLD 1 171.609375 1667753864.6452
CHLD 2 5.117188 1667753864.6453
MEM 25.125000 1667753864.7458
CHLD 0 7.125000 1667753864.7536
CHLD 1 171.609375 1667753864.7537
CHLD 2 5.117188 1667753864.7537
MEM 25.125000 1667753864.8543
CHLD 0 7.125000 1667753864.8661
CHLD 1 171.609375 1667753864.8661
CHLD 2 5.117188 1667753864.8661
MEM 25.125000 1667753864.9668
CHLD 0 7.125000 1667753864.9783
CHLD 1 171.609375 1667753864.9783
CHLD 2 5.117188 1667753864.9784
MEM 25.125000 1667753865.0793
CHLD 0 7.125000 1667753865.0917
CHLD 1 171.609375 1667753865.0917
CHLD 2 5.117188 1667753865.0917
MEM 25.125000 1667753865.1921
CHLD 0 7.125000 1667753865.1981
CHLD 1 171.609375 1667753865.1981
CHLD 2 6.980469 1667753865.1981
MEM 25.125000 1667753865.2985
CHLD 0 7.125000 1667753865.3048
CHLD 1 171.609375 1667753865.3048
CHLD 2 6.980469 1667753865.3048
MEM 25.125000 1667753865.4054
CHLD 0 7.125000 1667753865.4112
CHLD 1 171.609375 1667753865.4112
CHLD 2 6.980469 1667753865.4112
MEM 29.371094 1667753865.5117
CHLD 0 7.125000 1667753865.5182
CHLD 1 171.863281 1667753865.5182
CHLD 2 6.980469 1667753865.5182
MEM 35.031250 1667753865.6186
CHLD 0 7.125000 1667753865.6229
CHLD 1 172.878906 1667753865.6229
CHLD 2 6.980469 1667753865.6230
MEM 39.242188 1667753865.7235
CHLD 0 7.125000 1667753865.7287
CHLD 1 172.878906 1667753865.7287
CHLD 2 6.980469 1667753865.7287
MEM 39.242188 1667753865.8292
CHLD 0 7.125000 1667753865.8354
CHLD 1 173.128906 1667753865.8354
CHLD 2 6.980469 1667753865.8354
MEM 39.480469 1667753865.9360
CHLD 0 7.125000 1667753865.9409
CHLD 1 173.128906 1667753865.9409
CHLD 2 6.980469 1667753865.9409
MEM 40.250000 1667753866.0414
CHLD 0 7.125000 1667753866.0454
CHLD 1 173.386719 1667753866.0455
CHLD 2 6.980469 1667753866.0455
MEM 43.171875 1667753866.1459
CHLD 0 7.125000 1667753866.1516
CHLD 1 173.386719 1667753866.1517
CHLD 2 6.980469 1667753866.1517
MEM 43.171875 1667753866.2522
CHLD 0 7.125000 1667753866.2588
CHLD 1 173.386719 1667753866.2588
CHLD 2 6.980469 1667753866.2588
MEM 43.171875 1667753866.3592
CHLD 0 7.125000 1667753866.3656
CHLD 1 173.386719 1667753866.3656
CHLD 2 6.980469 1667753866.3657
MEM 43.171875 1667753866.4662
CHLD 0 7.125000 1667753866.4737
CHLD 1 173.644531 1667753866.4738
CHLD 2 6.980469 1667753866.4738
MEM 44.261719 1667753866.5742
CHLD 0 7.125000 1667753866.5783
CHLD 1 173.644531 1667753866.5784
CHLD 2 6.980469 1667753866.5784
MEM 44.777344 1667753866.6788
CHLD 0 7.125000 1667753866.6848
CHLD 1 176.738281 1667753866.6848
CHLD 2 6.980469 1667753866.6848
MEM 50.386719 1667753866.7855
CHLD 0 7.125000 1667753866.7921
CHLD 1 176.996094 1667753866.7921
CHLD 2 6.980469 1667753866.7921
MEM 60.902344 1667753866.8927
CHLD 0 7.125000 1667753866.8991
CHLD 1 176.996094 1667753866.8992
CHLD 2 6.980469 1667753866.8992
MEM 62.187500 1667753866.9998
CHLD 0 7.125000 1667753867.0052
CHLD 1 178.542969 1667753867.0053
CHLD 2 6.980469 1667753867.0053
MEM 66.570312 1667753867.1057
CHLD 0 7.125000 1667753867.1130
CHLD 1 178.542969 1667753867.1130
CHLD 2 6.980469 1667753867.1130
MEM 66.570312 1667753867.2134
CHLD 0 7.125000 1667753867.2204
CHLD 1 178.542969 1667753867.2204
CHLD 2 6.980469 1667753867.2205
MEM 66.570312 1667753867.3208
CHLD 0 7.125000 1667753867.3274
CHLD 1 178.542969 1667753867.3275
CHLD 2 6.980469 1667753867.3275
MEM 66.570312 1667753867.4279
CHLD 0 7.125000 1667753867.4358
CHLD 1 178.542969 1667753867.4358
CHLD 2 6.980469 1667753867.4359
MEM 66.570312 1667753867.5362
CHLD 0 7.125000 1667753867.5405
CHLD 1 178.800781 1667753867.5405
CHLD 2 6.980469 1667753867.5405
MEM 66.570312 1667753867.6409
CHLD 0 7.125000 1667753867.6453
CHLD 1 178.800781 1667753867.6453
CHLD 2 6.980469 1667753867.6453
MEM 66.570312 1667753867.7456
CHLD 0 7.125000 1667753867.7502
CHLD 1 178.800781 1667753867.7503
CHLD 2 6.980469 1667753867.7503
MEM 64.593750 1667753867.8506
CHLD 0 7.125000 1667753867.8563
CHLD 1 178.800781 1667753867.8563
CHLD 2 6.980469 1667753867.8564
MEM 64.593750 1667753867.9568
CHLD 0 7.125000 1667753867.9614
CHLD 1 178.800781 1667753867.9614
CHLD 2 6.980469 1667753867.9614
MEM 47.617188 1667753868.0619
CHLD 0 7.125000 1667753868.0681
CHLD 1 178.800781 1667753868.0681
CHLD 2 6.980469 1667753868.0681
MEM 47.617188 1667753868.1687
CHLD 0 7.125000 1667753868.1731
CHLD 1 178.800781 1667753868.1731
CHLD 2 6.980469 1667753868.1731
MEM 47.617188 1667753868.2736
CHLD 0 7.125000 1667753868.2790
CHLD 1 178.800781 1667753868.2791
CHLD 2 6.980469 1667753868.2791
MEM 47.617188 1667753868.3795
CHLD 0 7.125000 1667753868.3839
CHLD 1 178.800781 1667753868.3839
CHLD 2 6.980469 1667753868.3839
MEM 47.617188 1667753868.4844
CHLD 0 7.125000 1667753868.4921
CHLD 1 178.800781 1667753868.4921
CHLD 2 6.980469 1667753868.4921
MEM 47.617188 1667753868.5926
CHLD 0 7.125000 1667753868.6035
CHLD 1 178.800781 1667753868.6035
CHLD 2 6.980469 1667753868.6035
MEM 47.617188 1667753868.7040
CHLD 0 7.125000 1667753868.7091
CHLD 1 178.800781 1667753868.7091
CHLD 2 6.980469 1667753868.7091
MEM 47.617188 1667753868.8095
CHLD 0 7.125000 1667753868.8160
CHLD 1 178.800781 1667753868.8160
CHLD 2 6.980469 1667753868.8160
MEM 47.617188 1667753868.9163
CHLD 0 7.125000 1667753868.9211
CHLD 1 179.058594 1667753868.9212
CHLD 2 6.980469 1667753868.9212
MEM 47.617188 1667753869.0215
CHLD 0 7.125000 1667753869.0264
CHLD 1 179.058594 1667753869.0264
CHLD 2 6.980469 1667753869.0264
MEM 47.617188 1667753869.1269
CHLD 0 7.125000 1667753869.1311
CHLD 1 179.058594 1667753869.1311
CHLD 2 6.980469 1667753869.1311
MEM 47.617188 1667753869.2315
CHLD 0 7.125000 1667753869.2350
CHLD 1 179.058594 1667753869.2350
CHLD 2 6.980469 1667753869.2350
MEM 47.617188 1667753869.3354
CHLD 0 7.125000 1667753869.3417
CHLD 1 179.058594 1667753869.3417
CHLD 2 6.980469 1667753869.3417
MEM 47.617188 1667753869.4423
CHLD 0 7.125000 1667753869.4504
CHLD 1 179.316406 1667753869.4504
CHLD 2 6.980469 1667753869.4504
MEM 49.675781 1667753869.5507
CHLD 0 7.125000 1667753869.5554
CHLD 1 179.316406 1667753869.5554
CHLD 2 6.980469 1667753869.5554
MEM 49.675781 1667753869.6558
CHLD 0 7.125000 1667753869.6590
CHLD 1 179.316406 1667753869.6590
CHLD 2 6.980469 1667753869.6590
MEM 49.675781 1667753869.7595
CHLD 0 7.125000 1667753869.7662
CHLD 1 179.316406 1667753869.7662
CHLD 2 6.980469 1667753869.7662
MEM 49.675781 1667753869.8666
CHLD 0 7.125000 1667753869.8697
CHLD 1 179.316406 1667753869.8698
CHLD 2 6.980469 1667753869.8698
MEM 49.675781 1667753869.9702
CHLD 0 7.125000 1667753869.9756
CHLD 1 179.316406 1667753869.9757
CHLD 2 6.980469 1667753869.9757
MEM 49.675781 1667753870.0759
CHLD 0 7.125000 1667753870.0791
CHLD 1 179.316406 1667753870.0791
CHLD 2 6.980469 1667753870.0791
MEM 49.675781 1667753870.1795
CHLD 0 7.125000 1667753870.1838
CHLD 1 179.316406 1667753870.1838
CHLD 2 6.980469 1667753870.1838
MEM 49.675781 1667753870.2842
CHLD 0 7.125000 1667753870.2883
CHLD 1 179.316406 1667753870.2883
CHLD 2 6.980469 1667753870.2883
MEM 49.675781 1667753870.3887
CHLD 0 7.125000 1667753870.3918
CHLD 1 179.574219 1667753870.3918
CHLD 2 6.980469 1667753870.3918
MEM 51.738281 1667753870.4922
CHLD 0 7.125000 1667753870.4980
CHLD 1 179.574219 1667753870.4980
CHLD 2 6.980469 1667753870.4981
MEM 50.796875 1667753870.5988
CHLD 0 7.125000 1667753870.6097
CHLD 1 179.574219 1667753870.6098
CHLD 2 6.980469 1667753870.6098
MEM 53.632812 1667753870.7102
CHLD 0 7.125000 1667753870.7176
CHLD 1 179.832031 1667753870.7177
CHLD 2 6.980469 1667753870.7177
MEM 73.867188 1667753870.8180
CHLD 0 7.125000 1667753870.8222
CHLD 1 179.832031 1667753870.8222
CHLD 2 6.980469 1667753870.8223
MEM 52.910156 1667753870.9227
CHLD 0 7.125000 1667753870.9291
CHLD 1 181.636719 1667753870.9291
CHLD 2 6.980469 1667753870.9292
MEM 65.734375 1667753871.0295
CHLD 0 7.125000 1667753871.0350
CHLD 1 181.636719 1667753871.0350
CHLD 2 6.980469 1667753871.0351
MEM 54.875000 1667753871.1355
CHLD 0 7.125000 1667753871.1440
CHLD 1 181.625000 1667753871.1440
CHLD 2 6.980469 1667753871.1440
MEM 55.906250 1667753871.2444
CHLD 0 7.125000 1667753871.2478
CHLD 1 181.625000 1667753871.2478
CHLD 2 6.980469 1667753871.2479
MEM 55.906250 1667753871.3483
CHLD 0 7.125000 1667753871.3553
CHLD 1 181.625000 1667753871.3554
CHLD 2 6.980469 1667753871.3554
MEM 56.164062 1667753871.4559
CHLD 0 7.125000 1667753871.4613
CHLD 1 181.625000 1667753871.4613
CHLD 2 6.980469 1667753871.4613
MEM 56.164062 1667753871.5618
CHLD 0 7.125000 1667753871.5663
CHLD 1 181.625000 1667753871.5663
CHLD 2 6.980469 1667753871.5663
MEM 56.164062 1667753871.6667
CHLD 0 7.125000 1667753871.6699
CHLD 1 181.625000 1667753871.6699
CHLD 2 6.980469 1667753871.6699
MEM 56.164062 1667753871.7703
CHLD 0 7.125000 1667753871.7730
CHLD 1 181.882812 1667753871.7730
CHLD 2 6.980469 1667753871.7730
MEM 77.687500 1667753871.8734
CHLD 0 7.125000 1667753871.8762
CHLD 1 181.882812 1667753871.8762
CHLD 2 6.980469 1667753871.8762
MEM 67.914062 1667753871.9766
CHLD 0 7.125000 1667753871.9794
CHLD 1 181.882812 1667753871.9795
CHLD 2 6.980469 1667753871.9795
MEM 58.000000 1667753872.0799
CHLD 0 7.125000 1667753872.0860
CHLD 1 181.882812 1667753872.0860
CHLD 2 6.980469 1667753872.0860
MEM 58.000000 1667753872.1867
CHLD 0 7.125000 1667753872.1968
CHLD 1 181.882812 1667753872.1968
CHLD 2 6.980469 1667753872.1968
MEM 60.000000 1667753872.2972
CHLD 0 7.125000 1667753872.3009
CHLD 1 181.882812 1667753872.3009
CHLD 2 6.980469 1667753872.3009
MEM 60.000000 1667753872.4014
CHLD 0 7.125000 1667753872.4116
CHLD 1 181.882812 1667753872.4117
CHLD 2 6.980469 1667753872.4117
MEM 60.000000 1667753872.5122
CHLD 0 7.125000 1667753872.5204
CHLD 1 181.882812 1667753872.5204
CHLD 2 6.980469 1667753872.5205
MEM 60.000000 1667753872.6211
CHLD 0 7.125000 1667753872.6357
CHLD 1 183.882812 1667753872.6358
CHLD 2 6.980469 1667753872.6359
MEM 60.000000 1667753872.7364
CHLD 0 7.125000 1667753872.7451
CHLD 1 183.882812 1667753872.7452
CHLD 2 6.980469 1667753872.7452
MEM 60.000000 1667753872.8456
CHLD 0 7.125000 1667753872.8526
CHLD 1 183.882812 1667753872.8527
CHLD 2 6.980469 1667753872.8527
MEM 60.000000 1667753872.9531
CHLD 0 7.125000 1667753872.9622
CHLD 1 183.882812 1667753872.9623
CHLD 2 6.980469 1667753872.9623
MEM 60.511719 1667753873.0629
CHLD 0 7.125000 1667753873.0712
CHLD 1 183.882812 1667753873.0713
CHLD 2 6.980469 1667753873.0713
MEM 60.511719 1667753873.1720
CHLD 0 7.125000 1667753873.1773
CHLD 1 183.882812 1667753873.1774
CHLD 2 6.980469 1667753873.1774
MEM 60.511719 1667753873.2780
CHLD 0 7.125000 1667753873.2821
MEM 60.511719 1667753873.3826
CHLD 0 7.125000 1667753873.3881
MEM 60.511719 1667753873.4886
CHLD 0 7.125000 1667753873.4926
MEM 60.511719 1667753873.5930
CHLD 0 7.125000 1667753873.5977
MEM 60.511719 1667753873.6988
CHLD 0 7.125000 1667753873.7151
MEM 60.511719 1667753873.8161
CHLD 0 7.125000 1667753873.8252
MEM 60.511719 1667753873.9262
CHLD 0 7.125000 1667753873.9362
MEM 60.511719 1667753874.0371
CHLD 0 7.125000 1667753874.0454
MEM 60.511719 1667753874.1464
CHLD 0 7.125000 1667753874.1562
MEM 60.511719 1667753874.2568
CHLD 0 7.125000 1667753874.2635
MEM 60.511719 1667753874.3640
CHLD 0 7.125000 1667753874.3735
MEM 60.511719 1667753874.4744
CHLD 0 7.125000 1667753874.4841
MEM 60.511719 1667753874.5850
CHLD 0 7.125000 1667753874.5947
MEM 60.511719 1667753874.6957
CHLD 0 7.125000 1667753874.7055
MEM 60.511719 1667753874.8064
CHLD 0 7.125000 1667753874.8161
MEM 60.511719 1667753874.9171
CHLD 0 7.125000 1667753874.9258
MEM 60.511719 1667753875.0267
CHLD 0 7.125000 1667753875.0351
MEM 60.511719 1667753875.1361
CHLD 0 7.125000 1667753875.1461
MEM 60.511719 1667753875.2471
CHLD 0 7.125000 1667753875.2567
MEM 60.511719 1667753875.3577
CHLD 0 7.125000 1667753875.3680
MEM 60.511719 1667753875.4690
CHLD 0 7.125000 1667753875.4786
MEM 60.511719 1667753875.5796
CHLD 0 7.125000 1667753875.5899
MEM 60.511719 1667753875.6906
CHLD 0 7.125000 1667753875.7060
MEM 60.511719 1667753875.8071
CHLD 0 7.125000 1667753875.8171
MEM 60.511719 1667753875.9180
CHLD 0 7.125000 1667753875.9269
MEM 60.511719 1667753876.0279
CHLD 0 7.125000 1667753876.0380
MEM 60.511719 1667753876.1390
CHLD 0 7.125000 1667753876.1491
MEM 60.511719 1667753876.2500
CHLD 0 7.125000 1667753876.2587
MEM 60.511719 1667753876.3597
CHLD 0 7.125000 1667753876.3700
MEM 60.511719 1667753876.4710
CHLD 0 7.125000 1667753876.4810
MEM 60.511719 1667753876.5816
CHLD 0 7.125000 1667753876.5914
MEM 60.511719 1667753876.6924
CHLD 0 7.125000 1667753876.7030
MEM 60.511719 1667753876.8040
CHLD 0 7.125000 1667753876.8141
MEM 60.511719 1667753876.9151
CHLD 0 7.125000 1667753876.9246
MEM 60.511719 1667753877.0255
CHLD 0 7.125000 1667753877.0356
MEM 60.511719 1667753877.1363
CHLD 0 7.125000 1667753877.1442
MEM 60.511719 1667753877.2447
CHLD 0 7.125000 1667753877.2513
MEM 60.511719 1667753877.3524
CHLD 0 7.125000 1667753877.3622
MEM 60.511719 1667753877.4631
CHLD 0 7.125000 1667753877.4789
MEM 60.511719 1667753877.5800
CHLD 0 7.125000 1667753877.5899
MEM 60.511719 1667753877.6907
CHLD 0 7.125000 1667753877.7008
MEM 60.511719 1667753877.8014
CHLD 0 7.125000 1667753877.8088
MEM 60.511719 1667753877.9094
CHLD 0 7.125000 1667753877.9174
MEM 60.511719 1667753878.0184
CHLD 0 7.125000 1667753878.0281
MEM 60.511719 1667753878.1291
CHLD 0 7.125000 1667753878.1388
MEM 60.511719 1667753878.2396
CHLD 0 7.125000 1667753878.2481
MEM 60.511719 1667753878.3491
CHLD 0 7.125000 1667753878.3592
MEM 60.511719 1667753878.4602
CHLD 0 7.125000 1667753878.4689
MEM 60.511719 1667753878.5697
CHLD 0 7.125000 1667753878.5787
MEM 60.511719 1667753878.6797
CHLD 0 7.125000 1667753878.6892
MEM 60.511719 1667753878.7901
CHLD 0 7.125000 1667753878.8046
MEM 60.511719 1667753878.9056
CHLD 0 7.125000 1667753878.9157
MEM 60.511719 1667753879.0167
CHLD 0 7.125000 1667753879.0257
MEM 60.511719 1667753879.1267
CHLD 0 7.125000 1667753879.1367
MEM 60.511719 1667753879.2376
CHLD 0 7.125000 1667753879.2466
MEM 60.511719 1667753879.3476
CHLD 0 7.125000 1667753879.3578
MEM 60.511719 1667753879.4586
CHLD 0 7.125000 1667753879.4668
MEM 60.511719 1667753879.5677
CHLD 0 7.125000 1667753879.5763
MEM 60.511719 1667753879.6773
CHLD 0 7.125000 1667753879.6873
MEM 60.511719 1667753879.7883
CHLD 0 7.125000 1667753879.7985
MEM 60.511719 1667753879.8994
CHLD 0 7.125000 1667753879.9089
MEM 60.511719 1667753880.0097
CHLD 0 7.125000 1667753880.0178
MEM 60.511719 1667753880.1185
CHLD 0 7.125000 1667753880.1321
MEM 60.511719 1667753880.2330
CHLD 0 7.125000 1667753880.2492
MEM 60.511719 1667753880.3501
CHLD 0 7.125000 1667753880.3649
MEM 60.511719 1667753880.4655
CHLD 0 7.125000 1667753880.4702
MEM 60.511719 1667753880.5708
CHLD 0 7.125000 1667753880.5838
MEM 60.511719 1667753880.6847
CHLD 0 7.125000 1667753880.6911
MEM 60.511719 1667753880.7917
CHLD 0 7.125000 1667753880.8045
MEM 60.511719 1667753880.9052
CHLD 0 7.125000 1667753880.9190
MEM 60.511719 1667753881.0235
CHLD 0 7.125000 1667753881.0445
MEM 60.511719 1667753881.1451
CHLD 0 7.125000 1667753881.1549
MEM 60.511719 1667753881.2556
CHLD 0 7.125000 1667753881.2629
MEM 60.511719 1667753881.3635
CHLD 0 7.125000 1667753881.3676
MEM 60.511719 1667753881.4680
CHLD 0 7.125000 1667753881.4716
MEM 60.511719 1667753881.5721
CHLD 0 7.125000 1667753881.5783
MEM 60.511719 1667753881.6790
CHLD 0 7.125000 1667753881.6829
MEM 60.511719 1667753881.7839
CHLD 0 7.125000 1667753881.7937
MEM 60.511719 1667753881.8945
CHLD 0 7.125000 1667753881.9056
MEM 60.511719 1667753882.0065
CHLD 0 7.125000 1667753882.0223
MEM 60.511719 1667753882.1231
CHLD 0 7.125000 1667753882.1300
MEM 60.511719 1667753882.2305
CHLD 0 7.125000 1667753882.2353
MEM 60.511719 1667753882.3358
CHLD 0 7.125000 1667753882.3416
MEM 60.511719 1667753882.4425
CHLD 0 7.125000 1667753882.4571
MEM 60.511719 1667753882.5585
CHLD 0 7.125000 1667753882.5753
MEM 60.511719 1667753882.6759
CHLD 0 7.125000 1667753882.6868
MEM 60.511719 1667753882.7871
CHLD 0 7.125000 1667753882.7928
MEM 60.511719 1667753882.8933
CHLD 0 7.125000 1667753882.8969
MEM 60.511719 1667753882.9975
CHLD 0 7.125000 1667753883.0024
MEM 60.511719 1667753883.1028
CHLD 0 7.125000 1667753883.1064
MEM 60.511719 1667753883.2069
CHLD 0 7.125000 1667753883.2105
MEM 60.511719 1667753883.3109
CHLD 0 7.125000 1667753883.3147
MEM 60.511719 1667753883.4151
CHLD 0 7.125000 1667753883.4188
MEM 60.511719 1667753883.5193
CHLD 0 7.125000 1667753883.5228
MEM 60.511719 1667753883.6237
CHLD 0 7.125000 1667753883.6320
MEM 60.511719 1667753883.7328
CHLD 0 7.125000 1667753883.7426
MEM 60.511719 1667753883.8435
CHLD 0 7.125000 1667753883.8528
MEM 60.511719 1667753883.9537
CHLD 0 7.125000 1667753883.9626
MEM 60.511719 1667753884.0635
CHLD 0 7.125000 1667753884.0734
MEM 60.511719 1667753884.1742
CHLD 0 7.125000 1667753884.1825
MEM 60.511719 1667753884.2836
CHLD 0 7.125000 1667753884.2929
MEM 60.722656 1667753884.3936
CHLD 0 7.125000 1667753884.4019
MEM 60.730469 1667753884.5025
CHLD 0 7.125000 1667753884.5103
MEM 60.730469 1667753884.6113
CHLD 0 7.125000 1667753884.6215
MEM 60.730469 1667753884.7225
CHLD 0 7.125000 1667753884.7326
MEM 60.730469 1667753884.8336
CHLD 0 7.125000 1667753884.8420
MEM 60.730469 1667753884.9430
CHLD 0 7.125000 1667753884.9532
MEM 60.730469 1667753885.0537
CHLD 0 7.125000 1667753885.0611
MEM 60.738281 1667753885.1616
CHLD 0 7.125000 1667753885.1678
MEM 60.738281 1667753885.2687
CHLD 0 7.125000 1667753885.2785
MEM 60.738281 1667753885.3792
CHLD 0 7.125000 1667753885.3863
MEM 60.738281 1667753885.4873
CHLD 0 7.125000 1667753885.4973
MEM 60.738281 1667753885.5981
CHLD 0 7.125000 1667753885.6081
MEM 60.738281 1667753885.7091
CHLD 0 7.125000 1667753885.7192
MEM 60.738281 1667753885.8203
CHLD 0 7.125000 1667753885.8300
MEM 60.738281 1667753885.9309
CHLD 0 7.125000 1667753885.9400
MEM 60.738281 1667753886.0409
CHLD 0 7.125000 1667753886.0511
MEM 60.738281 1667753886.1521
CHLD 0 7.125000 1667753886.1620
MEM 60.738281 1667753886.2630
CHLD 0 7.125000 1667753886.2734
MEM 60.742188 1667753886.3742
CHLD 0 7.125000 1667753886.3842
MEM 60.742188 1667753886.4852
CHLD 0 7.125000 1667753886.4956
MEM 60.742188 1667753886.5966
CHLD 0 7.125000 1667753886.6070
MEM 60.742188 1667753886.7079
CHLD 0 7.125000 1667753886.7177
MEM 60.742188 1667753886.8186
CHLD 0 7.125000 1667753886.8284
MEM 60.742188 1667753886.9293
CHLD 0 7.125000 1667753886.9392
MEM 60.742188 1667753887.0402
CHLD 0 7.125000 1667753887.0495
MEM 60.742188 1667753887.1505
CHLD 0 7.125000 1667753887.1603
MEM 58.773438 1667753887.2611
CHLD 0 7.125000 1667753887.2699
MEM 57.003906 1667753887.3706
CHLD 0 7.125000 1667753887.3820
MEM 57.003906 1667753887.4829
CHLD 0 7.125000 1667753887.4988
MEM 57.003906 1667753887.5994
CHLD 0 7.125000 1667753887.6123
MEM 57.003906 1667753887.7130
CHLD 0 7.125000 1667753887.7192
MEM 57.003906 1667753887.8195
CHLD 0 7.125000 1667753887.8243
MEM 57.003906 1667753887.9250
CHLD 0 7.125000 1667753887.9372
MEM 57.003906 1667753888.0379
CHLD 0 7.125000 1667753888.0495
MEM 57.003906 1667753888.1502
CHLD 0 7.125000 1667753888.1636
MEM 46.640625 1667753888.2647
